5.36 -3.98 
-2.63 6.24 
0.39 6.2 
8.14 4.57 
8.72 -5.7 
-3.62 3.01 
2.6 9.55 
-1.8 -3.31 
3.35 2.54 
1.79 -5.61 
6.0 -1.97 
-1.75 9.84 
8.25 -4.69 
7.71 -6.14 
5.08 -8.86 
-4.74 -3.05 
-2.56 5.29 
2.5 1.39 
-1.21 1.73 
1.59 -3.9 
-1.69 3.17 
-5.38 -6.27 
0.29 -2.11 
-7.65 -4.89 
0.75 2.46 
-1.75 3.58 
-3.17 -7.87 
7.83 -5.94 
-3.37 8.38 
-7.73 9.12 
3.55 9.0 
-2.9 -0.2 
5.89 2.23 
-6.9 0.4 
4.33 3.7 
-1.0 -3.64 
4.82 -6.15 
-7.39 3.43 
-2.52 -5.41 
5.52 6.92 
9.38 -1.3 
-4.19 -4.93 
1.09 9.37 
8.94 -9.79 
5.11 0.32 
-3.67 6.18 
9.4 0.05 
-1.92 3.28 
-6.75 1.86 
-5.17 -0.25 
# 
4.35 -0.04 
-6.14 -1.82 
-9.45 6.01 
7.89 3.07 
-5.46 5.33 
4.59 -8.57 
5.68 -6.92 
-0.43 6.02 
2.47 -8.11 
8.57 0.68 
-7.57 6.83 
1.86 -4.76 
-2.04 9.12 
-6.63 9.84 
-2.68 -6.16 
-3.06 2.35 
-6.25 1.37 
0.83 -6.0 
-6.18 8.95 
-0.88 9.36 
-0.73 0.96 
5.09 -5.1 
7.06 -5.57 
-8.04 2.8 
7.78 -1.71 
-8.1 -0.57 
3.4 5.27 
-4.64 -0.99 
-5.5 -2.67 
-5.4 7.7 
-5.68 -7.42 
-9.33 0.32 
-0.17 -4.44 
3.61 -6.1 
4.43 5.05 
-7.82 -9.79 
-8.15 3.95 
5.15 6.32 
4.69 0.96 
9.84 8.37 
-4.22 -2.88 
-3.31 -0.14 
-1.04 8.18 
-1.77 3.79 
6.66 -6.66 
-9.21 -3.15 
-7.21 1.86 
0.8 1.73 
2.89 0.78 
-7.91 3.98 
6.04 -6.39 
-1.39 -1.26 
-2.81 -2.34 
-1.87 -8.65 
9.25 4.03 
-6.81 9.06 
-2.75 -1.6 
2.51 -6.68 
5.36 -9.34 
1.42 -9.99 
5.26 -4.49 
5.36 2.84 
5.0 -5.12 
3.95 -0.21 
-2.56 6.38 
-7.42 8.45 
9.61 -5.61 
5.94 9.96 
2.96 -4.06 
-5.75 -8.79 
4.6 -0.42 
-6.93 1.3 
8.61 9.81 
5.36 8.83 
-6.7 1.91 
-1.18 5.59 
-7.35 -4.4 
6.34 -4.58 
-4.55 -2.12 
4.27 -4.43 
-2.06 5.23 
2.45 -1.1 
0.97 -6.83 
-4.69 9.63 
9.21 -5.18 
1.11 -6.46 
5.4 2.61 
-5.58 3.92 
-3.9 -2.34 
-0.29 0.88 
8.16 7.75 
-3.91 3.62 
-9.12 6.33 
-7.59 -1.42 
9.78 -4.88 
-4.71 7.36 
1.5 -7.17 
2.65 2.08 
-4.37 9.79 
-2.82 9.7 
5.1 9.52 
0.63 6.16 
-4.32 2.09 
-4.48 -7.12 
-7.45 -5.07 
-1.79 3.15 
5.64 -4.81 
-9.33 -2.41 
-6.53 2.6 
4.81 -8.11 
-6.53 -0.95 
3.44 9.61 
-7.11 -6.08 
-3.57 5.84 
2.95 -0.48 
6.24 9.1 
-0.65 9.67 
3.74 -2.46 
4.12 0.15 
-4.22 7.54 
1.16 -3.05 
2.0 8.92 
-9.66 -6.49 
-1.55 -5.34 
-2.9 -6.11 
1.07 -2.39 
6.8 -7.59 
-1.67 4.99 
3.52 -3.83 
2.41 1.64 
-2.81 -2.8 
9.68 -7.81 
6.75 -4.06 
0.34 6.09 
-4.51 -6.9 
2.76 -5.62 
-3.16 -0.3 
-1.34 9.21 
-4.55 -7.81 
1.07 0.36 
-2.17 -7.83 
-4.58 -7.87 
5.43 2.53 
-3.04 8.9 
-8.18 -1.71 
9.64 -1.78 
3.12 7.02 
6.08 7.38 
-9.53 -9.85 
-5.68 -7.54 
10.0 6.27 
-5.96 2.25 
4.29 8.99 
-5.03 7.37 
-3.51 0.67 
-5.55 3.67 
1.26 4.32 
-0.33 -5.68 
-6.36 5.13 
-6.0 5.42 
-1.92 -9.22 
-3.06 -1.82 
-1.62 9.67 
-9.44 3.26 
-4.97 -4.45 
4.94 7.0 
-3.28 -5.94 
-7.63 -7.6 
-9.98 -9.36 
6.92 4.19 
-2.92 7.61 
-3.18 6.29 
-8.24 -6.9 
8.08 -8.4 
3.87 7.9 
7.77 4.26 
2.65 5.81 
-6.63 -0.57 
2.61 -5.35 
9.03 -2.19 
-9.46 -7.19 
6.1 4.91 
-3.05 -9.09 
-5.56 -9.0 
-2.27 8.66 
9.42 3.61 
5.81 0.3 
-8.47 6.29 
-4.0 -7.2 
5.72 -2.84 
1.82 -2.82 
-7.02 -0.73 
-0.02 7.6 
7.35 -6.65 
-9.25 8.57 
5.44 0.48 
6.53 -8.55 
-6.06 -7.22 
-9.52 9.93 
-2.91 0.58 
