-6.44 -1.37 
-1.54 -4.69 
2.96 1.74 
1.89 -5.55 
-8.82 -3.44 
0.78 -7.44 
0.18 3.62 
-4.99 -2.89 
5.67 -1.77 
-8.55 0.43 
9.7 0.51 
4.74 -3.21 
5.72 1.35 
8.97 9.53 
2.43 2.16 
7.48 -3.93 
5.29 3.17 
-9.38 8.89 
0.41 -9.7 
2.41 -6.32 
-7.38 7.47 
-5.17 -6.52 
-1.61 -4.94 
-9.48 -9.48 
7.15 5.3 
1.34 8.65 
1.55 9.9 
-1.04 6.29 
6.02 -5.79 
-8.67 8.63 
-3.73 -1.45 
7.74 6.72 
-0.46 4.19 
-8.42 7.44 
-7.77 -8.37 
-7.43 -7.5 
9.98 2.74 
-2.13 1.18 
8.52 -2.25 
2.8 -7.14 
-4.81 7.14 
7.49 -2.87 
-9.66 -1.44 
2.6 6.59 
-4.96 -7.26 
2.15 2.54 
7.55 -0.09 
3.67 4.45 
1.93 8.88 
9.35 1.93 
# 
-9.78 -7.26 
-1.28 -5.78 
-7.81 -4.26 
1.46 -7.38 
1.53 6.54 
-8.27 8.43 
-5.35 -4.26 
4.76 -5.42 
-8.64 2.81 
-6.41 -8.14 
-1.34 -3.51 
5.5 -9.8 
-9.75 0.81 
5.1 -2.14 
-5.31 2.34 
6.44 7.71 
-3.65 9.73 
3.32 -3.69 
6.9 1.51 
7.87 6.32 
-6.5 7.86 
-1.96 3.55 
5.55 7.02 
8.82 6.55 
-8.14 -8.89 
-8.96 6.82 
4.23 -0.26 
-1.65 -3.12 
4.6 1.86 
-1.02 -5.41 
-8.49 7.37 
-7.73 -7.98 
-5.53 7.22 
6.74 0.77 
3.8 -8.86 
6.71 2.77 
-5.34 -9.52 
5.04 4.75 
9.74 -1.37 
-5.45 -1.87 
-2.68 -8.7 
-9.92 6.3 
-2.56 -3.37 
7.4 -4.78 
7.29 -1.03 
-7.84 0.59 
4.26 -5.34 
3.88 4.01 
1.1 6.4 
9.48 -6.51 
5.94 -7.13 
-0.05 -5.36 
4.84 6.1 
-0.74 7.68 
0.43 -2.49 
0.96 9.21 
-8.2 -8.96 
2.74 -9.01 
-7.72 9.26 
-5.93 -0.11 
2.5 -2.65 
-3.49 6.75 
-4.58 1.22 
-0.98 9.02 
5.07 -7.6 
-5.62 -5.54 
-5.64 -4.91 
-7.61 2.64 
-7.82 8.54 
1.41 3.58 
-6.74 -7.5 
9.9 2.94 
-8.72 5.8 
-0.89 4.18 
-5.38 3.19 
7.88 1.74 
1.01 -0.21 
0.12 -4.27 
0.93 8.74 
7.47 -6.05 
9.17 -8.18 
5.43 5.84 
-8.41 -3.98 
6.65 -6.23 
-0.78 2.68 
9.83 8.21 
2.01 -4.36 
-0.96 -4.38 
-4.28 -9.25 
0.72 -5.95 
-8.32 7.75 
-3.23 -2.77 
-8.06 -0.93 
5.29 -1.3 
-0.55 2.33 
-5.42 0.31 
-9.03 -2.54 
-7.08 7.67 
-7.95 -9.46 
-0.67 -5.62 
1.68 3.51 
-1.5 5.87 
7.2 -5.63 
9.57 -7.73 
7.06 -5.76 
3.76 -9.91 
9.17 3.43 
-5.28 -4.41 
8.54 1.12 
6.58 5.82 
2.62 -3.23 
-5.01 8.38 
8.7 -7.82 
-6.64 5.58 
9.88 -0.34 
0.21 4.18 
-8.27 -9.78 
-8.39 -5.67 
-6.05 -6.6 
1.64 0.6 
4.78 -6.95 
7.54 1.03 
6.72 -2.74 
-8.55 1.75 
-3.25 6.41 
-2.08 8.61 
4.64 -8.61 
-1.81 -3.71 
0.98 -4.73 
1.36 3.74 
-5.17 -6.16 
6.6 5.74 
7.67 2.81 
8.5 0.61 
4.57 4.85 
-2.29 -9.58 
-5.77 0.36 
-2.51 -9.8 
2.5 8.34 
-7.34 1.9 
-1.61 5.89 
-9.28 3.02 
-3.18 -1.59 
1.24 -3.42 
5.72 -6.95 
1.25 4.27 
9.17 -4.82 
-8.66 -0.03 
8.38 3.42 
4.42 -6.66 
-8.53 9.79 
-6.44 -8.06 
2.47 7.68 
-6.26 -7.45 
-2.14 -5.78 
-7.98 9.38 
-2.21 -5.97 
-1.71 -4.81 
1.99 5.2 
-1.09 -9.76 
-6.96 -2.37 
1.83 -2.44 
2.06 -1.1 
-3.47 6.78 
4.57 -1.15 
3.04 6.88 
3.22 6.87 
2.53 3.48 
9.03 8.03 
-5.03 9.32 
-5.3 1.98 
-7.25 2.11 
-9.81 9.04 
-3.67 3.79 
4.26 -8.29 
3.14 9.63 
-9.03 -9.34 
4.07 4.33 
-4.42 -6.03 
-4.79 5.0 
-2.17 4.98 
6.68 6.92 
-4.89 -7.67 
5.73 8.08 
5.58 3.51 
-0.79 8.43 
6.66 1.89 
7.37 5.78 
7.67 0.77 
1.92 -7.16 
4.64 2.26 
-1.34 2.28 
-0.75 5.47 
5.64 -6.38 
-7.47 -8.84 
8.54 -0.02 
6.1 8.92 
-7.48 8.96 
5.8 3.84 
-8.48 -0.48 
3.99 -5.73 
-0.43 -3.09 
-6.36 -4.17 
1.04 1.45 
-9.15 -9.32 
-2.87 -3.43 
-1.11 -0.64 
0.01 2.88 
-0.75 4.03 
9.04 -3.07 
9.57 -8.17 
-4.32 -5.0 
-9.09 -5.09 
-5.6 8.31 
0.71 -6.14 
4.57 -8.15 
-7.12 -9.41 
6.44 -6.81 
-7.9 -7.23 
2.3 0.81 
4.81 -5.71 
1.75 -7.18 
4.75 5.83 
-1.88 6.76 
4.07 8.29 
5.98 2.6 
-4.81 -8.48 
3.96 -9.29 
-4.69 -5.56 
-7.11 -5.71 
-4.94 -7.69 
4.19 -4.74 
-4.88 0.63 
-5.31 -9.58 
7.6 -0.02 
-6.81 3.36 
-3.47 9.58 
-6.86 6.56 
6.94 1.33 
-5.59 0.74 
-9.49 7.46 
9.6 8.78 
-0.03 -6.15 
-8.84 7.74 
-6.32 -7.23 
-4.71 5.0 
-8.44 -1.06 
8.24 -2.33 
-1.88 9.31 
-9.54 -8.59 
8.53 7.48 
-7.55 0.02 
-8.57 -6.32 
8.34 2.61 
5.86 -6.62 
-7.53 7.99 
6.45 3.5 
-3.21 -0.71 
-2.97 4.17 
1.17 -1.4 
-9.24 6.17 
9.1 8.43 
-3.38 -0.25 
-2.23 8.15 
5.98 1.99 
-2.39 7.07 
2.0 3.63 
9.93 -4.58 
-1.47 -4.7 
-7.45 7.84 
6.21 -4.77 
-6.44 7.43 
7.63 3.09 
8.02 8.41 
-0.07 3.39 
0.5 7.22 
-5.71 -3.22 
-3.07 0.79 
4.13 3.17 
-5.15 4.89 
7.84 -7.43 
-9.84 -6.3 
-9.48 1.83 
2.8 0.35 
8.96 5.71 
9.99 3.24 
-5.44 -3.67 
4.48 -0.78 
-4.27 -7.44 
-6.77 -0.09 
-3.39 -7.82 
7.52 9.1 
2.76 -4.3 
1.88 -6.84 
6.82 -6.72 
-9.23 1.59 
-8.6 -0.59 
-3.5 9.99 
-6.31 -1.31 
-6.5 6.61 
5.38 -9.44 
5.82 -2.86 
-3.64 6.19 
9.17 -7.83 
-1.39 2.58 
-2.43 -2.08 
8.98 1.4 
-5.81 2.4 
7.35 -9.17 
7.91 9.25 
6.74 -6.48 
-8.04 3.69 
4.59 9.79 
5.07 6.41 
-4.95 2.4 
-3.21 -7.14 
-9.56 -4.71 
-8.08 4.01 
-3.76 6.86 
-5.34 2.05 
-0.18 -1.1 
2.54 0.4 
-1.67 2.79 
5.82 -3.2 
-9.94 -1.33 
-1.33 2.02 
2.49 8.33 
5.19 -5.02 
2.52 -7.41 
-8.4 9.55 
9.45 -9.64 
9.09 -4.45 
-7.25 -2.16 
4.1 5.61 
0.96 -0.88 
-3.99 8.21 
-9.45 -2.93 
-6.71 2.68 
-4.37 -9.78 
-1.06 -9.99 
-0.11 7.76 
-1.7 -9.33 
-0.54 -2.48 
5.2 -3.98 
3.74 -1.79 
-3.37 -9.57 
0.93 -3.17 
2.99 7.54 
-6.77 -3.87 
9.98 -4.71 
4.4 -5.56 
-7.61 -0.73 
-2.66 2.43 
-3.81 3.33 
2.43 1.35 
5.18 6.03 
1.24 -3.17 
5.11 0.19 
-9.87 3.46 
-8.57 8.26 
7.63 3.68 
-7.4 7.33 
-2.99 -0.39 
4.19 7.18 
5.15 4.42 
-1.35 -8.24 
4.9 5.2 
-5.51 5.45 
6.49 3.37 
-3.43 7.04 
5.99 3.33 
-3.15 0.48 
-2.56 -9.48 
1.77 0.29 
-8.36 1.99 
1.63 5.46 
-5.59 -8.56 
-3.25 -3.89 
-7.28 7.97 
-2.71 -6.24 
-8.28 -6.45 
4.88 -4.51 
4.17 0.82 
5.43 -1.41 
-9.54 6.26 
7.18 7.19 
-4.97 5.83 
2.64 8.86 
-7.15 3.41 
7.38 -2.89 
2.62 -8.45 
-6.15 -0.71 
-9.74 -5.9 
-3.81 -3.79 
2.06 -1.03 
5.29 4.58 
9.19 -1.81 
-0.29 -2.59 
-3.37 -2.89 
-3.8 0.35 
