-1.72 -4.8 
1.21 2.29 
9.28 8.67 
-8.86 4.82 
-7.7 7.53 
7.08 -6.13 
-2.32 -1.86 
4.67 -9.23 
0.78 -9.77 
1.35 -2.46 
2.75 6.28 
-5.62 -2.67 
-5.31 0.64 
2.45 9.31 
5.79 3.0 
-2.38 -9.68 
9.18 7.85 
-7.72 5.32 
-4.76 1.67 
-9.9 8.46 
5.92 -8.18 
4.43 7.36 
9.66 1.89 
2.08 8.82 
-2.8 7.01 
0.11 6.22 
-5.47 1.25 
-5.92 2.68 
-1.54 4.64 
5.56 -8.4 
7.2 -3.24 
-5.7 -8.55 
7.38 0.82 
1.5 -6.32 
-4.29 4.77 
-1.49 1.7 
-2.62 0.64 
-8.2 -7.7 
5.21 0.1 
0.33 -2.95 
-1.88 -2.9 
-0.68 5.86 
8.21 9.18 
7.44 -0.56 
-1.69 7.91 
-7.09 -7.54 
-1.08 -2.56 
9.86 -1.51 
-5.88 6.04 
4.31 2.2 
# 
-4.1 7.21 
-0.88 -2.55 
9.5 -6.56 
-0.86 2.12 
-3.55 -5.31 
-9.85 -4.2 
-4.34 -3.22 
-5.59 -0.03 
-3.55 0.18 
5.49 -1.75 
-0.14 0.27 
-2.45 3.26 
4.62 1.84 
3.87 -9.92 
-0.58 6.73 
-2.5 6.03 
-0.78 0.06 
-7.4 8.66 
-1.69 2.84 
2.93 -0.65 
1.18 8.7 
8.77 1.87 
8.09 4.82 
-2.46 5.25 
0.22 7.0 
-2.34 1.43 
5.24 7.46 
-5.74 -6.95 
8.62 -9.01 
-8.37 2.19 
-2.53 2.9 
-8.95 -7.51 
5.16 -9.16 
3.95 4.24 
-8.73 -9.59 
-4.55 7.86 
7.88 0.7 
3.71 -7.14 
-9.26 0.66 
8.48 -7.76 
6.29 4.1 
-7.18 -0.96 
-1.62 -5.22 
0.63 -9.03 
1.24 -9.79 
6.99 0.59 
2.64 7.48 
-1.21 -4.76 
9.71 3.25 
7.72 -2.3 
