9.79 -5.27 
6.07 -7.92 
-3.31 -8.11 
-0.04 -3.72 
2.54 -4.41 
-4.56 5.0 
9.36 -7.48 
-7.25 9.14 
-2.42 -9.99 
6.5 5.37 
6.71 5.33 
-3.99 6.27 
6.01 4.56 
7.69 -7.46 
5.15 -6.93 
5.9 3.7 
-2.51 -2.21 
-6.65 6.84 
-1.53 5.72 
6.19 3.4 
3.16 -6.73 
4.9 -5.62 
-8.27 1.41 
-4.34 -6.19 
-1.53 6.7 
-8.7 7.19 
9.02 3.02 
-8.86 -4.27 
-5.34 -6.04 
0.74 1.93 
5.76 6.07 
-4.39 5.85 
7.94 -4.55 
-7.41 -5.73 
-9.94 -7.45 
-3.51 -8.59 
-5.14 -2.83 
-0.92 8.25 
-3.53 8.58 
3.1 3.78 
-8.19 8.68 
7.55 -4.46 
-6.18 1.59 
-2.55 7.67 
-6.93 -4.77 
-6.81 -2.12 
-2.58 1.41 
1.83 -2.51 
6.55 -8.08 
-8.78 -2.93 
# 
7.09 -8.96 
3.07 -3.32 
-5.66 -9.14 
4.64 7.72 
2.79 -9.22 
-9.34 0.18 
-9.33 6.86 
0.13 -4.08 
-1.7 -9.22 
8.02 4.68 
3.93 2.32 
7.28 2.65 
-4.73 6.47 
7.87 -9.52 
-7.25 1.53 
-8.39 -3.31 
8.66 -5.03 
3.97 9.97 
8.2 -5.01 
0.5 -0.41 
-5.25 1.01 
-2.98 -2.54 
0.28 -3.38 
-4.52 0.87 
-3.56 9.24 
2.4 1.34 
2.21 2.48 
-7.49 2.11 
-1.76 -2.73 
-4.33 -2.34 
-2.04 3.26 
-2.86 8.38 
-3.19 9.96 
-1.68 -1.77 
-2.3 6.12 
-4.56 -0.32 
-0.79 -9.41 
-1.57 4.84 
2.51 5.33 
8.54 -2.09 
3.6 -6.95 
-2.74 -2.2 
9.85 3.14 
8.6 -5.09 
6.26 3.34 
-5.54 2.38 
-7.56 -3.53 
1.38 0.62 
-8.84 3.53 
2.01 -5.19 
1.14 0.41 
1.14 7.89 
-6.45 3.03 
8.19 -4.55 
-6.32 -1.94 
-0.49 4.91 
-4.94 -8.61 
-0.92 -4.74 
0.29 -7.4 
-2.49 8.27 
-8.41 -5.29 
-5.41 6.1 
9.44 -6.91 
-0.73 3.13 
-0.35 0.6 
8.53 -3.47 
6.6 9.86 
6.3 -9.87 
-3.55 3.04 
2.67 -4.38 
6.64 -6.69 
0.68 -8.66 
-2.98 -9.25 
6.86 4.71 
9.44 6.83 
4.36 -0.55 
2.64 0.87 
4.87 -8.09 
4.61 -7.92 
0.06 6.43 
-2.18 6.61 
-8.8 9.38 
-3.06 -6.7 
6.54 3.35 
9.81 7.3 
3.56 -4.19 
-2.84 -7.93 
0.35 4.77 
7.96 -6.74 
-0.95 1.43 
1.58 5.94 
8.26 5.02 
1.99 0.92 
-3.34 3.58 
2.86 8.66 
-8.64 8.95 
2.19 8.27 
7.51 7.68 
-9.52 -5.89 
0.99 -9.36 
5.68 1.64 
-4.91 -6.11 
-3.13 -7.91 
1.97 -5.42 
-4.78 -3.09 
4.24 6.81 
9.9 -3.21 
4.34 -5.88 
2.27 -2.96 
7.14 -9.49 
6.24 -5.14 
-8.93 9.71 
4.92 -0.28 
-1.24 -4.97 
9.14 -7.94 
6.5 2.9 
2.98 -9.62 
8.34 -2.45 
-7.21 2.53 
-7.65 8.33 
8.33 3.52 
8.86 -4.84 
9.03 4.97 
-8.85 -8.96 
8.86 9.25 
3.07 6.82 
9.69 -0.51 
8.99 -3.59 
-8.95 7.55 
8.86 -3.2 
5.74 2.16 
1.47 -6.13 
-7.24 -6.65 
-6.8 -7.96 
-4.49 -5.82 
6.28 9.72 
5.38 -3.19 
1.49 7.59 
-9.97 -9.72 
8.96 2.75 
-6.87 2.47 
7.73 3.9 
-7.42 6.5 
-3.15 -5.23 
7.08 -8.9 
-6.5 9.68 
4.71 8.33 
-5.23 -0.79 
6.88 9.41 
3.89 -2.12 
-5.47 -3.39 
1.85 -6.94 
-5.54 6.78 
3.83 -9.48 
-4.44 7.51 
-6.54 2.31 
-4.33 7.54 
-1.02 -4.07 
6.19 -7.61 
5.57 -3.19 
-5.93 -8.15 
-5.99 -3.25 
-10.0 -0.89 
-1.84 1.05 
-8.88 5.51 
5.05 5.45 
-1.91 1.26 
6.28 0.51 
3.89 6.97 
-4.45 1.95 
-1.14 -6.55 
-7.5 -0.47 
-4.47 -1.77 
-7.22 -8.36 
7.1 1.41 
1.25 -3.17 
6.42 -9.02 
2.72 0.32 
-5.86 -5.5 
-5.06 -5.16 
1.38 2.22 
3.26 6.47 
-5.12 -0.12 
-0.53 3.23 
0.75 1.16 
1.61 -9.87 
7.45 -3.35 
5.93 -7.78 
1.78 4.13 
3.88 -7.59 
-1.38 1.94 
0.88 5.65 
-8.64 -9.16 
-3.76 -9.99 
1.92 -5.05 
-1.74 -5.57 
-6.7 1.78 
3.07 -2.81 
3.32 8.13 
-7.94 -3.76 
-8.76 4.88 
2.75 5.59 
1.57 7.47 
4.08 -0.26 
-7.62 -9.66 
-1.58 9.05 
-4.9 -4.82 
1.66 -4.03 
7.72 -2.4 
-5.88 -2.93 
8.73 4.3 
2.94 -2.77 
4.24 6.89 
0.53 3.23 
-9.02 0.14 
-3.65 1.3 
1.78 -9.38 
-0.58 1.77 
9.68 1.33 
-9.36 -9.36 
-5.43 -1.87 
-5.62 -6.1 
5.8 3.8 
-4.49 1.4 
3.85 -3.27 
-5.59 4.27 
8.21 8.11 
-1.38 -9.01 
3.34 -1.76 
-4.66 3.21 
-6.49 2.69 
-6.58 -5.54 
-8.34 4.22 
-6.79 1.44 
-3.27 8.92 
-4.87 2.57 
8.59 7.65 
7.5 -4.98 
2.47 4.73 
-0.23 -1.97 
4.68 -9.58 
3.07 -6.37 
0.19 -8.18 
-3.37 -3.41 
-9.54 -4.48 
-9.27 -5.34 
2.08 -8.01 
4.22 -0.14 
9.02 -4.84 
-3.47 -4.87 
-8.23 5.74 
-8.05 0.34 
6.68 9.43 
4.95 -8.25 
0.63 -0.02 
-9.04 -7.31 
-5.42 -1.21 
-1.27 6.45 
3.62 -4.36 
-0.8 5.74 
5.5 5.14 
5.42 7.44 
-9.26 -5.99 
-4.99 -6.81 
-1.32 2.04 
-6.03 5.04 
-3.28 5.9 
4.56 3.95 
0.14 -0.07 
-5.11 -7.32 
2.32 -7.24 
1.63 7.8 
-4.23 -4.74 
0.79 -0.91 
0.76 0.56 
0.94 -3.96 
-1.54 6.65 
9.61 -6.14 
-0.36 -9.55 
7.3 -5.82 
-3.38 -6.42 
-1.49 -9.02 
3.87 -5.31 
9.5 -3.49 
-7.35 9.67 
-1.68 -7.61 
-5.55 -4.72 
-9.86 4.26 
8.0 2.6 
0.36 8.71 
-2.64 1.23 
-2.71 -6.68 
-3.99 7.53 
-3.32 1.24 
4.55 3.35 
-7.54 8.74 
5.25 -6.09 
-5.49 2.35 
2.55 -8.37 
2.72 3.43 
0.74 1.0 
-0.69 3.56 
-8.52 -9.59 
0.57 -3.47 
4.7 4.49 
9.66 4.33 
-1.27 -3.17 
9.72 9.67 
6.03 1.91 
-1.58 1.0 
-9.54 -2.98 
0.48 1.19 
6.12 -7.0 
2.97 -5.42 
7.28 -1.58 
-2.45 8.87 
9.72 -2.22 
6.43 3.78 
9.25 -4.49 
-3.04 0.28 
7.85 7.91 
-1.81 -8.59 
-4.79 9.2 
9.24 -4.43 
6.15 -6.0 
-3.07 -6.02 
-2.02 -3.42 
4.5 9.54 
2.27 -0.23 
9.56 8.73 
9.34 1.36 
-3.44 -8.54 
-0.41 -5.27 
-8.47 9.27 
-8.17 -7.39 
8.65 5.2 
4.32 1.51 
-1.47 -2.63 
5.95 -4.49 
-1.39 0.62 
-4.59 2.58 
-6.14 -7.72 
9.72 7.25 
7.07 8.39 
-8.86 -4.54 
4.79 1.42 
7.59 7.01 
-5.81 -6.07 
-2.59 -9.51 
2.56 4.53 
0.53 5.16 
-7.58 -4.99 
-3.27 -6.42 
4.37 -0.41 
3.68 4.32 
3.37 -0.55 
0.1 7.68 
-3.86 -9.28 
-2.85 -0.04 
-5.5 2.05 
3.53 -5.52 
-1.85 -0.53 
3.58 -5.89 
7.97 9.89 
-2.34 0.42 
-2.23 0.06 
-2.77 8.11 
-6.6 3.34 
-5.73 -0.19 
-7.79 -3.07 
-3.28 6.33 
-7.7 -8.88 
5.38 2.4 
5.77 -5.24 
-5.69 8.61 
-2.55 -9.69 
0.24 9.09 
3.85 -1.6 
-6.23 5.69 
5.35 -9.93 
-1.93 9.65 
-9.47 -2.56 
2.32 7.39 
-4.66 -1.17 
-4.12 7.17 
-0.54 -4.92 
-3.75 3.06 
-1.31 2.86 
-1.5 3.52 
-0.1 -9.69 
4.68 -8.43 
2.97 -6.11 
-3.89 -3.13 
-2.78 9.59 
5.91 -8.45 
-2.8 9.61 
8.49 -4.82 
-5.13 4.44 
-5.19 9.84 
1.86 -6.83 
4.63 -4.54 
4.73 -8.77 
1.84 1.06 
2.84 6.13 
-8.48 3.21 
-8.83 -8.62 
-7.88 5.99 
9.77 -6.59 
4.59 -6.73 
-9.49 -4.8 
-6.97 -6.89 
7.58 6.69 
5.22 3.84 
-2.26 -1.1 
1.77 1.99 
-2.85 0.22 
-4.35 6.23 
-6.39 7.53 
9.41 5.1 
-6.58 2.86 
-8.31 -3.07 
6.57 1.48 
-3.54 6.03 
-5.82 3.48 
3.55 7.55 
-7.29 9.59 
-5.12 1.28 
-6.49 4.4 
2.93 -2.33 
-8.26 -8.32 
2.55 -4.95 
1.87 1.19 
2.75 -0.3 
9.26 7.31 
-3.55 2.24 
-7.48 4.43 
-4.2 3.56 
-0.37 -7.4 
0.27 1.16 
0.09 4.21 
-6.86 -1.97 
-0.97 0.72 
0.48 3.51 
9.94 5.15 
-2.48 9.0 
-4.75 5.52 
-5.34 -8.26 
-1.66 5.47 
-2.46 6.08 
-3.45 -0.95 
-7.17 -3.17 
-3.06 6.61 
-7.15 5.83 
-2.43 -1.92 
-6.63 -6.67 
5.26 1.39 
-8.32 -7.52 
7.89 8.61 
4.17 8.68 
2.09 0.31 
6.73 -6.72 
2.28 1.9 
7.16 -3.62 
-7.07 8.96 
3.55 -3.15 
-7.55 2.11 
-1.6 -7.15 
-7.93 -5.06 
3.53 -5.31 
-5.29 -0.92 
-8.96 3.25 
-4.61 8.31 
2.92 4.71 
7.37 5.41 
-6.23 6.34 
9.9 0.51 
-4.38 -7.26 
5.98 -9.96 
1.6 5.22 
2.29 5.15 
6.71 -3.27 
-3.63 -2.91 
1.68 1.1 
9.89 -8.49 
-8.86 -8.29 
-6.17 -5.99 
6.06 9.52 
0.19 -9.46 
9.45 -2.97 
6.99 -5.61 
-0.62 2.78 
-6.78 0.0 
8.98 -1.93 
-3.55 -3.01 
-8.12 -0.33 
-8.86 -2.76 
3.26 -1.37 
4.41 -0.3 
-5.95 8.23 
-0.86 -2.14 
4.59 8.26 
-9.6 -3.87 
9.77 7.32 
1.94 9.97 
9.76 1.51 
-5.33 -5.34 
5.56 8.76 
-2.44 9.39 
-3.5 5.83 
0.52 -0.72 
-5.62 -9.84 
-1.62 -6.36 
4.84 4.89 
0.33 5.3 
8.65 -4.28 
4.32 5.45 
6.31 0.9 
7.21 3.23 
-6.75 6.96 
3.93 -2.31 
6.42 -1.21 
-1.51 -0.6 
4.58 7.27 
7.65 6.73 
-4.45 0.21 
9.44 -8.74 
8.07 -0.16 
0.71 3.05 
0.82 -2.89 
-8.75 8.7 
1.12 9.23 
5.22 -8.3 
0.42 2.99 
0.03 -5.52 
4.85 5.58 
0.34 0.12 
-2.19 -0.87 
-2.07 -4.55 
6.87 6.2 
4.87 2.29 
-4.51 -7.73 
-3.4 -7.6 
7.41 -7.41 
9.01 1.07 
5.07 -5.89 
1.2 -1.31 
5.0 1.36 
4.03 -6.92 
0.21 -1.88 
7.28 -2.58 
-8.5 -3.02 
3.79 -1.3 
-3.85 -1.11 
-3.78 -4.89 
-2.45 0.75 
-5.61 1.06 
-0.91 3.57 
3.78 7.83 
1.99 -2.53 
7.81 8.68 
0.76 4.11 
-7.96 8.76 
-5.69 2.35 
0.77 0.24 
-7.07 -6.13 
6.14 9.1 
-5.5 -5.08 
6.95 2.62 
4.15 -6.4 
0.88 -6.15 
5.13 -8.48 
-8.18 -4.44 
-0.24 -6.86 
8.62 -9.01 
-7.98 4.17 
4.79 -4.91 
8.97 -0.91 
6.25 2.73 
6.47 8.07 
3.82 1.74 
6.05 -1.94 
-4.45 -1.8 
-6.4 3.65 
2.95 4.61 
-3.16 2.83 
6.5 2.05 
0.62 0.02 
5.87 -8.1 
7.32 -0.29 
-0.18 -6.43 
5.28 -8.31 
-7.69 7.69 
2.32 -6.09 
2.74 -5.81 
-7.61 -2.18 
9.59 -4.38 
-8.61 -5.72 
2.01 5.67 
-8.52 -5.99 
-1.66 -3.2 
